Frequency_Hz	Amplitude_dBm
9000.000000	-43.860931
7758988.750000	-62.633301
15508977.500000	-62.541355
23258966.250000	-63.028034
31008955.000000	-63.833237
38758943.750000	-63.355206
46508932.500000	-62.473110
54258921.250000	-62.365349
62008910.000000	-63.081894
69758898.750000	-63.532623
77508887.500000	-63.011562
85258876.250000	-62.886837
93008865.000000	-63.338623
100758853.750000	-62.905891
108508842.500000	-63.348335
116258831.250000	-61.886311
124008820.000000	-63.352070
131758808.750000	-61.835045
139508797.500000	-63.320801
147258786.250000	-62.682552
155008775.000000	-62.612495
162758763.750000	-63.494888
170508752.500000	-63.140999
178258741.250000	-63.107689
186008730.000000	-61.740665
193758718.750000	-62.876968
201508707.500000	-62.497066
209258696.250000	-62.871960
217008685.000000	-63.290504
224758673.750000	-62.103336
232508662.500000	-63.073692
240258651.250000	-63.413353
248008640.000000	-64.109894
255758628.750000	-63.987038
263508617.500000	-63.311779
271258606.250000	-62.781418
279008595.000000	-62.137913
286758583.750000	-62.856205
294508572.500000	-61.124752
302258561.250000	-63.128262
310008550.000000	-62.380352
317758538.750000	-62.833817
325508527.500000	-63.979538
333258516.250000	-62.939327
341008505.000000	-62.865669
348758493.750000	-63.266258
356508482.500000	-63.226185
364258471.250000	-62.959751
372008460.000000	-61.922478
379758448.750000	-63.148785
387508437.500000	-63.087662
395258426.250000	-62.569229
403008415.000000	-61.817451
410758403.750000	-62.683231
418508392.500000	-63.132603
426258381.250000	-62.910709
434008370.000000	-63.101353
441758358.750000	-62.468990
449508347.500000	-62.751713
457258336.250000	-62.134148
465008325.000000	-62.976112
472758313.750000	-63.800854
480508302.500000	-61.634525
488258291.250000	-62.425850
496008280.000000	-62.147343
503758268.750000	-63.049068
511508257.500000	-62.310234
519258246.250000	-62.189838
527008235.000000	-62.031769
534758223.750000	-62.799381
542508212.500000	-62.993469
550258201.250000	-62.705563
558008190.000000	-63.212704
565758178.750000	-63.283997
573508167.500000	-63.532757
581258156.250000	-63.107235
589008145.000000	-62.100216
596758133.750000	-63.033852
604508122.500000	-63.348866
612258111.250000	-63.162750
620008100.000000	-61.722885
627758088.750000	-62.747192
635508077.500000	-62.672138
643258066.250000	-62.565468
651008055.000000	-62.627438
658758043.750000	-61.715919
666508032.500000	-62.237926
674258021.250000	-62.834530
682008010.000000	-62.580856
689757998.750000	-62.374218
697507987.500000	-62.416039
705257976.250000	-63.596729
713007965.000000	-62.879543
720757953.750000	-62.937939
728507942.500000	-62.545967
736257931.250000	-63.409920
744007920.000000	-62.169765
751757908.750000	-62.958984
759507897.500000	-63.036983
767257886.250000	-62.045113
775007875.000000	-63.381752
782757863.750000	-62.582146
790507852.500000	-63.007732
798257841.250000	-62.894249
806007830.000000	-61.952633
813757818.750000	-62.601723
821507807.500000	-62.744343
829257796.250000	-62.952129
837007785.000000	-62.370464
844757773.750000	-63.174129
852507762.500000	-63.176018
860257751.250000	-63.503201
868007740.000000	-62.871136
875757728.750000	-61.036945
883507717.500000	-63.454025
891257706.250000	-62.974735
899007695.000000	-63.702950
906757683.750000	-63.533489
914507672.500000	-62.414680
922257661.250000	-62.330376
930007650.000000	-63.165791
937757638.750000	-63.612717
945507627.500000	-62.581409
953257616.250000	-63.693508
961007605.000000	-62.499859
968757593.750000	-62.534626
976507582.500000	-63.060280
984257571.250000	-62.230473
992007560.000000	-62.209812
999757548.750000	-62.242615
1007507537.500000	-63.541023
1015257526.250000	-63.507893
1023007515.000000	-63.181969
1030757503.750000	-62.958813
1038507492.500000	-62.217960
1046257481.250000	-63.009148
1054007470.000000	-62.668571
1061757458.750000	-62.306282
1069507447.500000	-61.970165
1077257436.250000	-62.002464
1085007425.000000	-62.633389
1092757413.750000	-62.025719
1100507402.500000	-62.269367
1108257391.250000	-63.145016
1116007380.000000	-63.088310
1123757368.750000	-63.325832
1131507357.500000	-63.323166
1139257346.250000	-62.948448
1147007335.000000	-63.008480
1154757323.750000	-63.312389
1162507312.500000	-61.993080
1170257301.250000	-62.553162
1178007290.000000	-63.421104
1185757278.750000	-63.039555
1193507267.500000	-63.056103
1201257256.250000	-61.109921
1209007245.000000	-61.693790
1216757233.750000	-61.872776
1224507222.500000	-64.045380
1232257211.250000	-62.391384
1240007200.000000	-62.866791
1247757188.750000	-61.774410
1255507177.500000	-63.474731
1263257166.250000	-63.049339
1271007155.000000	-62.208893
1278757143.750000	-62.766296
1286507132.500000	-62.946640
1294257121.250000	-62.980236
1302007110.000000	-63.475861
1309757098.750000	-62.086742
1317507087.500000	-63.045147
1325257076.250000	-62.443687
1333007065.000000	-63.115433
1340757053.750000	-63.288704
1348507042.500000	-62.878357
1356257031.250000	-62.578472
1364007020.000000	-62.324646
1371757008.750000	-62.713905
1379506997.500000	-62.703083
1387256986.250000	-62.206032
1395006975.000000	-62.058022
1402756963.750000	-63.018204
1410506952.500000	-63.893021
1418256941.250000	-61.935551
1426006930.000000	-63.185188
1433756918.750000	-62.688526
1441506907.500000	-63.382530
1449256896.250000	-62.925171
1457006885.000000	-61.393467
1464756873.750000	-62.793400
1472506862.500000	-62.489769
1480256851.250000	-63.247517
1488006840.000000	-61.679356
1495756828.750000	-61.713356
1503506817.500000	-62.586246
1511256806.250000	-62.569992
1519006795.000000	-62.690594
1526756783.750000	-61.593071
1534506772.500000	-61.919510
1542256761.250000	-62.023422
1550006750.000000	-63.081657
1557756738.750000	-62.688889
1565506727.500000	-61.915405
1573256716.250000	-62.114258
1581006705.000000	-61.934975
1588756693.750000	-63.001225
1596506682.500000	-61.873672
1604256671.250000	-61.997032
1612006660.000000	-61.905731
1619756648.750000	-62.010090
1627506637.500000	-62.067394
1635256626.250000	-61.846973
1643006615.000000	-62.952885
1650756603.750000	-63.226025
1658506592.500000	-63.234009
1666256581.250000	-63.392754
1674006570.000000	-62.200138
1681756558.750000	-62.945744
1689506547.500000	-62.782269
1697256536.250000	-63.049667
1705006525.000000	-62.113773
1712756513.750000	-63.576588
1720506502.500000	-62.738811
1728256491.250000	-63.447845
1736006480.000000	-63.206459
1743756468.750000	-62.222427
1751506457.500000	-63.263714
1759256446.250000	-63.070908
1767006435.000000	-62.363194
1774756423.750000	-63.008293
1782506412.500000	-62.073853
1790256401.250000	-61.927273
1798006390.000000	-62.447170
1805756378.750000	-62.945328
1813506367.500000	-62.357708
1821256356.250000	-62.428669
1829006345.000000	-62.190872
1836756333.750000	-63.044872
1844506322.500000	-63.366772
1852256311.250000	-60.959190
1860006300.000000	-61.691143
1867756288.750000	-61.334866
1875506277.500000	-60.936783
1883256266.250000	-61.078289
1891006255.000000	-60.003548
1898756243.750000	-61.346069
1906506232.500000	-61.108669
1914256221.250000	-62.136311
1922006210.000000	-60.455769
1929756198.750000	-61.624268
1937506187.500000	-61.465927
1945256176.250000	-62.208313
1953006165.000000	-62.059692
1960756153.750000	-61.034740
1968506142.500000	-61.819046
1976256131.250000	-60.929405
1984006120.000000	-60.583057
1991756108.750000	-60.972279
1999506097.500000	-61.138657
2007256086.250000	-62.371902
2015006075.000000	-61.840195
2022756063.750000	-61.926365
2030506052.500000	-60.645935
2038256041.250000	-61.074490
2046006030.000000	-61.338852
2053756018.750000	-61.301903
2061506007.500000	-60.659111
2069255996.250000	-59.899918
2077005985.000000	-60.770947
2084755973.750000	-60.701523
2092505962.500000	-61.792862
2100255951.250000	-61.585762
2108005940.000000	-59.734921
2115755928.750000	-61.236599
2123505917.500000	-61.270432
2131255906.250000	-61.304710
2139005895.000000	-60.701046
2146755883.750000	-60.195343
2154505872.500000	-61.137821
2162255861.250000	-61.702335
2170005850.000000	-62.023254
2177755838.750000	-60.510010
2185505827.500000	-61.745716
2193255816.250000	-61.081795
2201005805.000000	-60.778358
2208755793.750000	-60.062069
2216505782.500000	-60.919132
2224255771.250000	-62.521400
2232005760.000000	-61.562099
2239755748.750000	-62.014591
2247505737.500000	-60.662067
2255255726.250000	-61.559582
2263005715.000000	-61.792385
2270755703.750000	-61.894142
2278505692.500000	-61.023216
2286255681.250000	-60.481636
2294005670.000000	-61.782230
2301755658.750000	-60.629841
2309505647.500000	-61.693096
2317255636.250000	-61.173874
2325005625.000000	-61.526978
2332755613.750000	-61.231968
2340505602.500000	-61.339348
2348255591.250000	-61.984798
2356005580.000000	-60.078915
2363755568.750000	-60.909969
2371505557.500000	-62.242599
2379255546.250000	-61.650784
2387005535.000000	-61.252491
2394755523.750000	-61.036102
2402505512.500000	-61.326748
2410255501.250000	-61.015026
2418005490.000000	-61.075233
2425755478.750000	-61.504669
2433505467.500000	-60.662575
2441255456.250000	-61.894283
2449005445.000000	-61.047867
2456755433.750000	-61.988083
2464505422.500000	-60.834957
2472255411.250000	-60.692898
2480005400.000000	-61.006580
2487755388.750000	-61.421124
2495505377.500000	-61.283581
2503255366.250000	-60.046314
2511005355.000000	-60.883137
2518755343.750000	-61.400417
2526505332.500000	-61.229794
2534255321.250000	-61.091797
2542005310.000000	-61.016972
2549755298.750000	-62.143066
2557505287.500000	-61.332127
2565255276.250000	-62.303135
2573005265.000000	-60.760273
2580755253.750000	-60.943882
2588505242.500000	-60.653675
2596255231.250000	-61.567150
2604005220.000000	-62.190651
2611755208.750000	-60.236576
2619505197.500000	-61.381992
2627255186.250000	-60.866898
2635005175.000000	-61.199627
2642755163.750000	-61.983337
2650505152.500000	-60.109402
2658255141.250000	-61.257938
2666005130.000000	-60.902218
2673755118.750000	-61.294758
2681505107.500000	-60.179222
2689255096.250000	-60.479885
2697005085.000000	-60.343079
2704755073.750000	-61.320690
2712505062.500000	-61.377209
2720255051.250000	-60.546154
2728005040.000000	-61.307888
2735755028.750000	-60.875969
2743505017.500000	-61.800945
2751255006.250000	-61.676025
2759004995.000000	-59.409004
2766754983.750000	-61.081429
2774504972.500000	-59.991425
2782254961.250000	-60.810398
2790004950.000000	-59.936600
2797754938.750000	-61.020397
2805504927.500000	-60.889576
2813254916.250000	-60.829292
2821004905.000000	-61.108078
2828754893.750000	-60.145214
2836504882.500000	-60.566502
2844254871.250000	-60.157024
2852004860.000000	-61.242535
2859754848.750000	-60.785622
2867504837.500000	-60.791389
2875254826.250000	-61.047501
2883004815.000000	-61.374283
2890754803.750000	-62.790451
2898504792.500000	-60.231064
2906254781.250000	-60.703194
2914004770.000000	-61.177296
2921754758.750000	-61.634674
2929504747.500000	-60.983189
2937254736.250000	-60.603199
2945004725.000000	-61.249416
2952754713.750000	-61.025406
2960504702.500000	-61.713070
2968254691.250000	-61.775677
2976004680.000000	-60.553062
2983754668.750000	-61.328613
2991504657.500000	-60.868538
2999254646.250000	-61.836533
3007004635.000000	-59.630417
3014754623.750000	-61.221840
3022504612.500000	-60.606033
3030254601.250000	-61.255848
3038004590.000000	-62.399849
3045754578.750000	-60.330635
3053504567.500000	-61.576382
3061254556.250000	-60.913834
3069004545.000000	-60.395489
3076754533.750000	-60.546375
3084504522.500000	-60.883240
3092254511.250000	-60.825672
3100004500.000000	-61.130917
3107754488.750000	-62.129917
3115504477.500000	-59.867996
3123254466.250000	-61.079346
3131004455.000000	-61.136028
3138754443.750000	-61.692879
3146504432.500000	-61.962193
3154254421.250000	-60.106140
3162004410.000000	-61.762299
3169754398.750000	-61.443035
3177504387.500000	-61.027302
3185254376.250000	-61.588806
3193004365.000000	-60.128601
3200754353.750000	-61.886929
3208504342.500000	-60.443401
3216254331.250000	-61.824619
3224004320.000000	-60.972858
3231754308.750000	-59.834145
3239504297.500000	-60.646774
3247254286.250000	-60.932522
3255004275.000000	-61.214634
3262754263.750000	-60.631313
3270504252.500000	-61.352333
3278254241.250000	-61.981823
3286004230.000000	-61.989262
3293754218.750000	-60.590218
3301504207.500000	-60.528584
3309254196.250000	-60.610985
3317004185.000000	-61.079643
3324754173.750000	-61.623920
3332504162.500000	-60.731895
3340254151.250000	-61.989895
3348004140.000000	-61.250721
3355754128.750000	-62.104115
3363504117.500000	-61.498741
3371254106.250000	-61.940533
3379004095.000000	-61.898788
3386754083.750000	-61.186741
3394504072.500000	-61.471706
3402254061.250000	-61.738861
3410004050.000000	-61.616158
3417754038.750000	-61.849857
3425504027.500000	-61.127552
3433254016.250000	-61.699116
3441004005.000000	-60.916824
3448753993.750000	-61.348064
3456503982.500000	-60.971008
3464253971.250000	-60.946217
3472003960.000000	-61.814857
3479753948.750000	-59.764950
3487503937.500000	-61.643539
3495253926.250000	-61.544987
3503003915.000000	-61.745285
3510753903.750000	-61.725235
3518503892.500000	-61.113010
3526253881.250000	-62.087200
3534003870.000000	-60.404701
3541753858.750000	-62.537731
3549503847.500000	-60.322483
3557253836.250000	-61.126415
3565003825.000000	-61.432785
3572753813.750000	-62.041992
3580503802.500000	-61.178974
3588253791.250000	-60.766647
3596003780.000000	-61.577991
3603753768.750000	-61.662201
3611503757.500000	-61.256447
3619253746.250000	-61.072094
3627003735.000000	-60.110111
3634753723.750000	-61.169029
3642503712.500000	-61.930035
3650253701.250000	-62.614285
3658003690.000000	-61.123329
3665753678.750000	-62.485653
3673503667.500000	-61.630619
3681253656.250000	-60.912605
3689003645.000000	-62.031174
3696753633.750000	-59.706833
3704503622.500000	-59.997139
3712253611.250000	-61.072762
3720003600.000000	-61.915443
3727753588.750000	-61.146587
3735503577.500000	-61.411179
3743253566.250000	-61.534821
3751003555.000000	-61.837399
3758753543.750000	-62.317596
3766503532.500000	-60.889980
3774253521.250000	-60.887600
3782003510.000000	-61.549622
3789753498.750000	-61.341965
3797503487.500000	-62.221733
3805253476.250000	-60.926804
3813003465.000000	-61.064350
3820753453.750000	-60.452290
3828503442.500000	-62.485825
3836253431.250000	-61.329739
3844003420.000000	-59.990681
3851753408.750000	-60.470253
3859503397.500000	-60.510868
3867253386.250000	-61.599934
3875003375.000000	-60.572495
3882753363.750000	-60.708893
3890503352.500000	-61.378826
3898253341.250000	-60.295921
3906003330.000000	-60.872810
3913753318.750000	-60.326374
3921503307.500000	-61.673149
3929253296.250000	-60.853680
3937003285.000000	-60.729324
3944753273.750000	-59.728779
3952503262.500000	-60.973625
3960253251.250000	-61.305023
3968003240.000000	-60.926685
3975753228.750000	-61.552811
3983503217.500000	-59.682533
3991253206.250000	-60.296078
3999003195.000000	-60.363018
4006753183.750000	-61.175915
4014503172.500000	-61.079697
4022253161.250000	-60.342194
4030003150.000000	-61.267612
4037753138.750000	-61.183876
4045503127.500000	-62.425278
4053253116.250000	-61.377445
4061003105.000000	-60.753117
4068753093.750000	-61.042572
4076503082.500000	-61.889690
4084253071.250000	-62.386616
4092003060.000000	-61.312145
4099753048.750000	-61.307003
4107503037.500000	-61.247562
4115253026.250000	-61.742214
4123003015.000000	-62.430065
4130753003.750000	-60.459988
4138502992.500000	-60.768929
4146252981.250000	-61.300167
4154002970.000000	-61.218338
4161752958.750000	-61.470814
4169502947.500000	-63.177872
4177252936.250000	-63.972454
4185002925.000000	-63.143780
4192752913.750000	-63.004227
4200502902.500000	-62.978474
4208252891.250000	-62.772522
4216002880.000000	-63.466991
4223752868.750000	-62.895226
4231502857.500000	-63.573147
4239252846.250000	-61.718472
4247002835.000000	-60.709888
4254752823.750000	-60.816280
4262502812.500000	-61.473137
4270252801.250000	-61.357517
4278002790.000000	-60.784149
4285752778.750000	-61.584835
4293502767.500000	-61.022835
4301252756.250000	-61.333321
4309002745.000000	-60.862427
4316752733.750000	-60.950954
4324502722.500000	-61.352680
4332252711.250000	-61.196075
4340002700.000000	-60.972515
4347752688.750000	-59.453388
4355502677.500000	-60.938339
4363252666.250000	-61.046963
4371002655.000000	-61.624195
4378752643.750000	-60.192745
4386502632.500000	-60.390984
4394252621.250000	-60.845329
4402002610.000000	-59.884209
4409752598.750000	-61.870453
4417502587.500000	-60.472668
4425252576.250000	-62.048622
4433002565.000000	-61.479008
4440752553.750000	-61.517906
4448502542.500000	-61.835247
4456252531.250000	-60.575603
4464002520.000000	-61.160767
4471752508.750000	-61.293354
4479502497.500000	-61.482430
4487252486.250000	-60.281879
4495002475.000000	-61.066334
4502752463.750000	-60.714497
4510502452.500000	-61.054485
4518252441.250000	-61.327496
4526002430.000000	-60.393482
4533752418.750000	-61.220078
4541502407.500000	-60.955822
4549252396.250000	-61.398922
4557002385.000000	-61.986343
4564752373.750000	-60.263927
4572502362.500000	-61.315281
4580252351.250000	-61.764740
4588002340.000000	-62.442699
4595752328.750000	-61.073563
4603502317.500000	-60.984985
4611252306.250000	-61.157295
4619002295.000000	-60.551170
4626752283.750000	-61.850384
4634502272.500000	-59.874123
4642252261.250000	-60.433491
4650002250.000000	-61.173420
4657752238.750000	-61.258686
4665502227.500000	-61.499088
4673252216.250000	-61.197632
4681002205.000000	-62.103672
4688752193.750000	-60.666470
4696502182.500000	-61.327305
4704252171.250000	-61.782574
4712002160.000000	-59.862541
4719752148.750000	-62.411503
4727502137.500000	-61.591049
4735252126.250000	-62.550720
4743002115.000000	-60.885372
4750752103.750000	-60.751091
4758502092.500000	-61.430290
4766252081.250000	-61.046368
4774002070.000000	-61.968937
4781752058.750000	-61.294579
4789502047.500000	-61.936512
4797252036.250000	-61.615990
4805002025.000000	-60.721733
4812752013.750000	-60.425732
4820502002.500000	-60.934349
4828251991.250000	-60.850445
4836001980.000000	-60.644306
4843751968.750000	-60.864861
4851501957.500000	-60.901993
4859251946.250000	-61.093555
4867001935.000000	-61.229317
4874751923.750000	-61.168598
4882501912.500000	-61.270321
4890251901.250000	-61.068531
4898001890.000000	-62.055683
4905751878.750000	-62.203796
4913501867.500000	-60.967884
4921251856.250000	-61.663036
4929001845.000000	-60.271263
4936751833.750000	-62.394173
4944501822.500000	-60.382587
4952251811.250000	-61.528473
4960001800.000000	-60.094860
4967751788.750000	-60.969948
4975501777.500000	-60.786598
4983251766.250000	-60.454220
4991001755.000000	-61.522362
4998751743.750000	-59.795235
5006501732.500000	-60.904633
5014251721.250000	-60.470131
5022001710.000000	-59.995647
5029751698.750000	-61.829239
5037501687.500000	-60.080414
5045251676.250000	-60.760777
5053001665.000000	-60.958649
5060751653.750000	-61.095009
5068501642.500000	-61.071854
5076251631.250000	-60.707630
5084001620.000000	-61.608967
5091751608.750000	-60.717373
5099501597.500000	-61.208782
5107251586.250000	-59.915249
5115001575.000000	-61.962910
5122751563.750000	-60.752537
5130501552.500000	-61.350082
5138251541.250000	-61.285645
5146001530.000000	-60.868046
5153751518.750000	-61.641113
5161501507.500000	-62.182781
5169251496.250000	-60.532269
5177001485.000000	-60.885311
5184751473.750000	-61.224289
5192501462.500000	-62.731052
5200251451.250000	-60.880539
5208001440.000000	-61.453362
5215751428.750000	-60.041843
5223501417.500000	-61.376377
5231251406.250000	-61.039261
5239001395.000000	-61.739544
5246751383.750000	-61.595673
5254501372.500000	-60.102970
5262251361.250000	-62.211182
5270001350.000000	-60.737461
5277751338.750000	-60.644352
5285501327.500000	-60.407326
5293251316.250000	-61.777321
5301001305.000000	-61.246403
5308751293.750000	-61.072121
5316501282.500000	-61.268307
5324251271.250000	-60.639702
5332001260.000000	-62.019405
5339751248.750000	-61.671116
5347501237.500000	-61.669479
5355251226.250000	-60.551361
5363001215.000000	-61.493938
5370751203.750000	-61.543491
5378501192.500000	-61.006294
5386251181.250000	-61.552422
5394001170.000000	-60.281384
5401751158.750000	-61.303814
5409501147.500000	-62.170586
5417251136.250000	-60.841412
5425001125.000000	-60.949341
5432751113.750000	-60.988140
5440501102.500000	-62.568760
5448251091.250000	-61.188820
5456001080.000000	-61.046768
5463751068.750000	-60.649021
5471501057.500000	-59.849487
5479251046.250000	-61.965542
5487001035.000000	-60.331211
5494751023.750000	-61.582027
5502501012.500000	-61.295631
5510251001.250000	-61.541145
5518000990.000000	-61.701157
5525750978.750000	-61.051895
5533500967.500000	-61.074619
5541250956.250000	-61.202709
5549000945.000000	-62.232857
5556750933.750000	-61.980511
5564500922.500000	-62.336346
5572250911.250000	-61.639687
5580000900.000000	-61.240273
5587750888.750000	-62.046539
5595500877.500000	-61.365788
5603250866.250000	-61.667000
5611000855.000000	-60.849686
5618750843.750000	-60.924252
5626500832.500000	-61.389671
5634250821.250000	-61.175373
5642000810.000000	-60.814270
5649750798.750000	-60.105724
5657500787.500000	-61.704796
5665250776.250000	-61.185242
5673000765.000000	-60.710205
5680750753.750000	-61.867901
5688500742.500000	-60.651424
5696250731.250000	-62.259724
5704000720.000000	-61.291489
5711750708.750000	-61.610214
5719500697.500000	-60.976170
5727250686.250000	-61.276833
5735000675.000000	-61.807850
5742750663.750000	-61.641037
5750500652.500000	-61.601582
5758250641.250000	-59.525578
5766000630.000000	-61.731689
5773750618.750000	-60.442905
5781500607.500000	-61.577248
5789250596.250000	-60.559090
5797000585.000000	-60.923687
5804750573.750000	-61.116795
5812500562.500000	-61.137596
5820250551.250000	-61.441212
5828000540.000000	-60.290123
5835750528.750000	-61.317513
5843500517.500000	-61.754791
5851250506.250000	-60.213417
5859000495.000000	-61.424889
5866750483.750000	-60.505383
5874500472.500000	-61.568424
5882250461.250000	-61.120293
5890000450.000000	-60.359604
5897750438.750000	-61.670094
5905500427.500000	-60.652431
5913250416.250000	-61.806713
5921000405.000000	-60.709606
5928750393.750000	-61.509384
5936500382.500000	-59.533203
5944250371.250000	-61.233444
5952000360.000000	-61.039837
5959750348.750000	-60.704670
5967500337.500000	-61.606281
5975250326.250000	-60.509556
5983000315.000000	-61.130440
5990750303.750000	-61.543350
5998500292.500000	-60.809666
6006250281.250000	-60.567097
6014000270.000000	-60.660145
6021750258.750000	-60.378143
6029500247.500000	-61.062668
6037250236.250000	-60.633373
6045000225.000000	-60.748318
6052750213.750000	-60.783604
6060500202.500000	-61.533867
6068250191.250000	-60.916313
6076000180.000000	-61.609478
6083750168.750000	-60.515892
6091500157.500000	-61.716465
6099250146.250000	-62.008419
6107000135.000000	-61.268288
6114750123.750000	-60.768082
6122500112.500000	-61.059399
6130250101.250000	-61.638538
6138000090.000000	-60.935783
6145750078.750000	-60.900387
6153500067.500000	-60.208309
6161250056.250000	-60.812042
6169000045.000000	-62.063820
6176750033.750000	-60.938320
6184500022.500000	-61.983170
6192250011.250000	-60.648083
6200000000.000000	-60.772881
